Hz     magnitude     dB
0.0000 2.325075e-13 -252.671260
0.0010 1.215866e-13 -258.302286
0.0020 4.822469e-13 -246.334612
0.0029 2.528635e-13 -251.942276
0.0039 1.757740e-13 -255.100905
0.0049 5.879921e-14 -264.612570
0.0059 1.387836e-13 -257.153234
0.0068 1.432270e-13 -256.879503
0.0078 1.696193e-13 -255.410492
0.0088 2.793431e-13 -251.077240
0.0098 3.972086e-14 -268.019627
0.0107 1.881393e-13 -254.510411
0.0117 1.036093e-13 -259.692023
0.0127 2.515259e-13 -251.988346
0.0137 1.686472e-13 -255.460419
0.0146 1.206483e-13 -258.369576
0.0156 2.334517e-13 -252.636060
0.0166 1.084593e-13 -259.294660
0.0176 1.158560e-13 -258.721629
0.0186 9.441918e-14 -260.498795
0.0195 1.445906e-13 -256.797198
0.0205 3.076872e-13 -250.237810
0.0215 7.233513e-14 -262.813014
0.0225 4.955433e-14 -266.098368
0.0234 5.971431e-14 -264.478432
0.0244 1.273842e-13 -257.897687
0.0254 2.016123e-13 -253.909658
0.0264 6.586516e-14 -263.626885
0.0273 1.692132e-13 -255.431313
0.0283 8.952370e-14 -260.961240
0.0293 9.210783e-14 -260.714069
0.0303 1.552086e-13 -256.181682
0.0312 1.242725e-13 -258.112496
0.0322 8.503272e-14 -261.408279
0.0332 1.173392e-13 -258.611141
0.0342 1.036067e-13 -259.692241
0.0352 1.095697e-13 -259.206188
0.0361 7.847866e-14 -262.104968
0.0371 9.765730e-14 -260.205905
0.0381 1.016038e-13 -259.861799
0.0391 1.529625e-13 -256.308302
0.0400 4.845873e-14 -266.292560
0.0410 4.872640e-14 -266.244714
0.0420 6.294685e-14 -264.020520
0.0430 1.112487e-13 -259.074101
0.0439 1.883885e-13 -254.498914
0.0449 3.471088e-14 -269.190688
0.0459 9.315072e-14 -260.616276
0.0469 7.975414e-14 -261.964935
0.0479 1.086061e-13 -259.282916
0.0488 1.568943e-13 -256.087859
0.0498 6.135150e-14 -264.243497
0.0508 1.475558e-13 -256.620877
0.0518 9.044718e-14 -260.872100
0.0527 2.709088e-14 -271.343539
0.0537 1.310588e-13 -257.650679
0.0547 1.056111e-13 -259.525810
0.0557 1.661824e-13 -255.588301
0.0566 9.944101e-14 -260.048689
0.0576 2.963531e-14 -270.563810
0.0586 7.911818e-14 -262.034474
0.0596 6.045598e-14 -264.371215
0.0605 1.662368e-13 -255.585456
0.0615 9.595800e-14 -260.358377
0.0625 9.575644e-14 -260.376640
0.0635 7.771291e-14 -262.190137
0.0645 9.467665e-14 -260.475142
0.0654 7.065250e-14 -263.017449
0.0664 7.194887e-14 -262.859520
0.0674 1.634937e-13 -255.729982
0.0684 1.515571e-13 -256.388475
0.0693 6.971425e-14 -263.133569
0.0703 3.465654e-15 -289.204295
0.0713 2.432465e-14 -272.279069
0.0723 1.202558e-13 -258.397882
0.0732 1.167387e-13 -258.655701
0.0742 1.727033e-13 -255.253985
0.0752 5.959382e-14 -264.495976
0.0762 1.492595e-14 -276.521160
0.0771 4.799051e-14 -266.376892
0.0781 1.132759e-13 -258.917251
0.0791 1.978492e-13 -254.073313
0.0801 8.868680e-14 -261.042821
0.0811 1.571233e-13 -256.075186
0.0820 6.424850e-14 -263.842740
0.0830 1.473729e-13 -256.631645
0.0840 1.678529e-13 -255.501424
0.0850 9.163905e-14 -260.758389
0.0859 2.201625e-13 -253.145132
0.0869 1.694673e-13 -255.418284
0.0879 2.546199e-14 -271.882151
0.0889 1.369654e-13 -257.267780
0.0898 6.665442e-14 -263.523421
0.0908 2.515635e-13 -251.987047
0.0918 1.763789e-13 -255.071068
0.0928 7.102441e-14 -262.971847
0.0938 1.734591e-13 -255.216057
0.0947 2.063374e-14 -273.708443
0.0957 2.296953e-13 -252.776957
0.0967 1.263925e-13 -257.965575
0.0977 2.069568e-13 -253.682404
0.0986 2.705064e-13 -251.356448
0.0996 8.982470e-14 -260.932084
0.1006 1.522905e-13 -256.346541
0.1016 1.529401e-13 -256.309570
0.1025 1.860239e-13 -254.608623
0.1035 2.363350e-13 -252.529439
0.1045 2.753507e-13 -251.202276
0.1055 1.645478e-13 -255.674159
0.1064 4.077984e-14 -267.791089
0.1074 2.636925e-13 -251.578043
0.1084 2.948302e-13 -250.608561
0.1094 3.492137e-13 -249.138175
0.1104 2.353180e-13 -252.566896
0.1113 1.034350e-13 -259.706646
0.1123 2.172603e-13 -253.260391
0.1133 1.642791e-13 -255.688354
0.1143 5.823095e-13 -244.696923
0.1152 4.026685e-13 -247.901047
0.1162 2.489356e-13 -252.078259
0.1172 4.672806e-13 -246.608445
0.1182 5.848825e-14 -264.658628
0.1191 6.493872e-13 -243.749925
0.1201 3.687815e-13 -248.664618
0.1211 7.732194e-13 -242.233946
0.1221 9.794722e-13 -240.180158
0.1230 2.495501e-13 -252.056846
0.1240 7.389660e-13 -242.627511
0.1250 5.625179e-13 -244.997274
0.1260 1.766942e-12 -235.055556
0.1270 2.283557e-12 -232.827764
0.1279 2.413321e-12 -232.347697
0.1289 4.037966e-12 -227.876747
0.1299 1.024000e+03 60.205999
0.1309 4.038553e-12 -227.875483
0.1318 2.415181e-12 -232.341005
0.1328 2.282902e-12 -232.830253
0.1338 1.763191e-12 -235.074011
0.1348 5.624768e-13 -244.997908
0.1357 7.374697e-13 -242.645116
0.1367 2.515487e-13 -251.987557
0.1377 9.744096e-13 -240.225169
0.1387 7.728099e-13 -242.238547
0.1396 3.706038e-13 -248.621802
0.1406 6.506675e-13 -243.732817
0.1416 6.065428e-14 -264.342771
0.1426 4.685737e-13 -246.584443
0.1436 2.461716e-13 -252.175243
0.1445 4.005743e-13 -247.946338
0.1455 5.744150e-13 -244.815484
0.1465 1.643902e-13 -255.682483
0.1475 2.127484e-13 -253.442672
0.1484 1.035026e-13 -259.700976
0.1494 2.398221e-13 -252.402214
0.1504 3.517485e-13 -249.075354
0.1514 2.914985e-13 -250.707273
0.1523 2.619801e-13 -251.634635
0.1533 4.770045e-14 -266.429550
0.1543 1.647547e-13 -255.663243
0.1553 2.772666e-13 -251.142050
0.1562 2.390428e-13 -252.430488
0.1572 1.945744e-13 -254.218285
0.1582 1.532325e-13 -256.292979
0.1592 1.557497e-13 -256.151454
0.1602 8.898793e-14 -261.013378
0.1611 2.379067e-13 -252.471865
0.1621 2.070809e-13 -253.677197
0.1631 1.235462e-13 -258.163413
0.1641 2.273768e-13 -252.865076
0.1650 1.293203e-14 -277.766667
0.1660 1.737824e-13 -255.199886
0.1670 6.755999e-14 -263.406209
0.1680 1.764556e-13 -255.067291
0.1689 2.625274e-13 -251.616509
0.1699 6.440986e-14 -263.820953
0.1709 1.373378e-13 -257.244196
0.1719 2.733246e-14 -271.266426
0.1729 1.642368e-13 -255.690591
0.1738 2.208037e-13 -253.119872
0.1748 8.814535e-14 -261.096012
0.1758 1.678883e-13 -255.499593
0.1768 1.283077e-13 -257.834948
0.1777 6.351656e-14 -263.942260
0.1787 1.527542e-13 -256.320139
0.1797 8.891110e-14 -261.020880
0.1807 2.030094e-13 -253.849676
0.1816 1.135120e-13 -258.899161
0.1826 4.722873e-14 -266.515875
0.1836 1.201837e-14 -278.403087
0.1846 6.944033e-14 -263.167764
0.1855 1.732063e-13 -255.228724
0.1865 1.180341e-13 -258.559849
0.1875 1.199914e-13 -258.416995
0.1885 2.641011e-14 -271.564594
0.1895 2.883834e-15 -290.800596
0.1904 6.794357e-14 -263.357032
0.1914 1.538722e-13 -256.256799
0.1924 1.374735e-13 -257.235621
0.1934 7.372709e-14 -262.647458
0.1943 7.376164e-14 -262.643388
0.1953 9.621884e-14 -260.334797
0.1963 7.697551e-14 -262.272948
0.1973 9.546042e-14 -260.403533
0.1982 9.666906e-14 -260.294250
0.1992 1.694972e-13 -255.416752
0.2002 7.330703e-14 -262.697088
0.2012 8.059676e-14 -261.873649
0.2021 3.365202e-14 -269.459777
0.2031 9.781108e-14 -260.192239
0.2041 1.703730e-13 -255.371984
0.2051 1.078087e-13 -259.346922
0.2061 1.344089e-13 -257.431437
0.2070 2.766208e-14 -271.162305
0.2080 1.178430e-13 -258.573927
0.2090 1.456809e-13 -256.731947
0.2100 6.274041e-14 -264.049052
0.2109 1.575463e-13 -256.051835
0.2119 1.143693e-13 -258.833814
0.2129 7.843892e-14 -262.109368
0.2139 8.967625e-14 -260.946451
0.2148 3.294516e-14 -269.644169
0.2158 1.892701e-13 -254.458359
0.2168 1.121541e-13 -259.003700
0.2178 5.997417e-14 -264.440715
0.2188 4.883877e-14 -266.224706
0.2197 5.665724e-14 -264.934892
0.2207 1.522000e-13 -256.351709
0.2217 9.787171e-14 -260.186856
0.2227 9.690051e-14 -260.273479
0.2236 6.955330e-14 -263.153646
0.2246 1.098887e-13 -259.180943
0.2256 1.067584e-13 -259.431957
0.2266 1.184420e-13 -258.529886
0.2275 8.484720e-14 -261.427250
0.2285 1.221412e-13 -258.262755
0.2295 1.576247e-13 -256.047516
0.2305 9.202619e-14 -260.721771
0.2314 8.212856e-14 -261.710115
0.2324 1.671413e-13 -255.538325
0.2334 5.516064e-14 -265.167415
0.2344 2.020729e-13 -253.889840
0.2354 1.186192e-13 -258.516898
0.2363 5.987311e-14 -264.455363
0.2373 5.420343e-14 -265.319464
0.2383 7.174773e-14 -262.883837
0.2393 3.089524e-13 -250.202168
0.2402 1.440959e-13 -256.826969
0.2412 9.636605e-14 -260.321519
0.2422 1.187517e-13 -258.507205
0.2432 1.123221e-13 -258.990698
0.2441 2.367628e-13 -252.513732
0.2451 1.208721e-13 -258.353479
0.2461 1.652252e-13 -255.638475
0.2471 2.537977e-13 -251.910247
0.2480 1.018831e-13 -259.837960
0.2490 1.838780e-13 -254.709405
0.2500 4.059633e-14 -267.830264
0.2510 2.779050e-13 -251.122073
0.2520 1.690980e-13 -255.437230
0.2529 1.387350e-13 -257.156278
0.2539 1.386138e-13 -257.163870
0.2549 1.308456e-13 -257.664819
0.2559 1.748424e-13 -255.147063
0.2568 2.515621e-13 -251.987097
0.2578 4.820461e-13 -246.338228
0.2588 1.197172e-13 -258.436869
0.2598 2.298784e-13 -252.770037
0.2607 1.221723e-13 -258.260545
0.2617 1.096303e-13 -259.201391
0.2627 5.736866e-13 -244.826506
0.2637 3.335062e-13 -249.537923
0.2646 2.887670e-13 -250.789048
0.2656 7.176092e-13 -242.882240
0.2666 2.959369e-13 -250.576018
0.2676 9.853247e-13 -240.128413
0.2686 2.872125e-13 -250.835932
0.2695 1.884796e-12 -234.494711
0.2705 1.775345e-12 -235.014343
0.2715 2.546167e-12 -231.882261
0.2725 1.597562e-12 -235.930843
0.2734 1.613190e-12 -235.846291
0.2744 2.606113e-12 -231.680135
0.2754 2.322625e-12 -232.680417
0.2764 1.415252e-12 -236.983327
0.2773 3.620963e-13 -248.823517
0.2783 1.062408e-12 -239.474176
0.2793 3.215360e-13 -249.855407
0.2803 2.648644e-13 -251.539527
0.2812 4.517493e-13 -246.902051
0.2822 5.746057e-13 -244.812601
0.2832 1.990203e-13 -254.022054
0.2842 3.052691e-13 -250.306344
0.2852 2.045729e-13 -253.783039
0.2861 5.708395e-13 -244.869720
0.2871 8.333055e-15 -281.583916
0.2881 2.855748e-13 -250.885602
0.2891 2.916339e-13 -250.703241
0.2900 2.028460e-13 -253.856672
0.2910 1.134269e-13 -258.905675
0.2920 2.070174e-13 -253.679863
0.2930 3.431984e-13 -249.289094
0.2939 2.931500e-13 -250.658201
0.2949 2.397991e-13 -252.403048
0.2959 1.548904e-13 -256.199509
0.2969 2.356420e-13 -252.554948
0.2979 1.129956e-13 -258.938772
0.2988 3.314693e-13 -249.591135
0.2998 9.966704e-14 -260.028969
0.3008 1.151506e-13 -258.774677
0.3018 2.150244e-13 -253.350245
0.3027 2.280698e-13 -252.838644
0.3037 6.365535e-14 -263.923302
0.3047 1.412380e-13 -257.000971
0.3057 1.778316e-13 -254.999821
0.3066 1.606486e-13 -255.882461
0.3076 7.271487e-14 -262.767535
0.3086 5.391530e-14 -265.365760
0.3096 1.314630e-13 -257.623932
0.3105 6.010183e-14 -264.422247
0.3115 2.494971e-13 -252.058692
0.3125 5.585331e-14 -265.059021
0.3135 7.584856e-14 -262.401054
0.3145 2.951283e-14 -270.599782
0.3154 8.723832e-14 -261.185854
0.3164 9.561163e-14 -260.389785
0.3174 1.848914e-13 -254.661666
0.3184 1.214030e-13 -258.315410
0.3193 6.384949e-14 -263.896852
0.3203 1.129276e-13 -258.944002
0.3213 1.643323e-13 -255.685541
0.3223 7.448074e-14 -262.559121
0.3232 1.038238e-13 -259.674064
0.3242 1.726606e-13 -255.256135
0.3252 1.322782e-13 -257.570233
0.3262 9.262542e-14 -260.665397
0.3271 6.863455e-14 -263.269144
0.3281 1.613799e-13 -255.843011
0.3291 1.338141e-13 -257.469963
0.3301 1.771142e-13 -255.034932
0.3311 8.622343e-14 -261.287494
0.3320 1.301066e-13 -257.714013
0.3330 1.298687e-13 -257.729909
0.3340 1.363934e-13 -257.304136
0.3350 9.127914e-14 -260.792569
0.3359 9.339024e-14 -260.593970
0.3369 1.951083e-13 -254.194484
0.3379 1.205205e-13 -258.378781
0.3389 7.981300e-14 -261.958528
0.3398 9.955381e-14 -260.038842
0.3408 1.087493e-13 -259.271471
0.3418 1.768138e-13 -255.049675
0.3428 6.124431e-14 -264.258685
0.3438 4.056027e-14 -267.837984
0.3447 7.561439e-15 -282.427911
0.3457 6.047537e-14 -264.368429
0.3467 1.958977e-13 -254.159412
0.3477 9.448380e-14 -260.492853
0.3486 1.422890e-13 -256.936576
0.3496 1.211207e-13 -258.335634
0.3506 6.999160e-14 -263.099082
0.3516 1.757546e-13 -255.101868
0.3525 1.184320e-13 -258.530622
0.3535 6.497339e-14 -263.745290
0.3545 9.148332e-14 -260.773161
0.3555 1.335410e-13 -257.487706
0.3564 2.141726e-13 -253.384723
0.3574 6.265645e-14 -264.060685
0.3584 6.082704e-14 -264.318066
0.3594 2.265482e-13 -252.896788
0.3604 1.453684e-13 -256.750599
0.3613 8.279223e-14 -261.640208
0.3623 1.617077e-13 -255.825389
0.3633 1.446448e-13 -256.793942
0.3643 2.030880e-13 -253.846314
0.3652 1.915030e-13 -254.356489
0.3662 1.248624e-13 -258.071364
0.3672 1.862689e-13 -254.597193
0.3682 7.498430e-14 -262.500593
0.3691 2.557659e-13 -251.843146
0.3701 1.160302e-13 -258.708582
0.3711 7.299828e-14 -262.733748
0.3721 2.771843e-13 -251.144627
0.3730 1.037876e-13 -259.677094
0.3740 9.686758e-14 -260.276431
0.3750 1.436108e-13 -256.856261
0.3760 1.507671e-13 -256.433871
0.3770 2.809877e-13 -251.026255
0.3779 8.918320e-14 -260.994339
0.3789 9.102452e-14 -260.816832
0.3799 2.063003e-12 -233.710004
0.3809 9.788355e-14 -260.185806
0.3818 3.045258e-13 -250.327519
0.3828 1.267280e-13 -257.942550
0.3838 3.902681e-14 -268.172738
0.3848 1.004659e-13 -259.959623
0.3857 1.532270e-13 -256.293292
0.3867 2.944035e-13 -250.621142
0.3877 2.487453e-13 -252.084901
0.3887 1.343655e-13 -257.434242
0.3896 2.524052e-13 -251.958036
0.3906 2.538539e-13 -251.908324
0.3916 3.234390e-13 -249.804152
0.3926 2.195652e-13 -253.168728
0.3936 1.683057e-13 -255.478025
0.3945 3.965468e-13 -248.034110
0.3955 4.591214e-13 -246.761449
0.3965 2.600667e-13 -251.698305
0.3975 2.576271e-13 -251.780169
0.3984 2.439109e-13 -252.255377
0.3994 6.013034e-13 -244.418127
0.4004 5.600302e-13 -245.035771
0.4014 3.513508e-13 -249.085181
0.4023 4.927638e-13 -246.147224
0.4033 3.612555e-13 -248.843712
0.4043 6.083092e-13 -244.317512
0.4053 7.342046e-13 -242.683658
0.4062 6.087729e-13 -244.310894
0.4072 9.795526e-13 -240.179445
0.4082 6.046623e-13 -244.369742
0.4092 4.190420e-13 -247.554849
0.4102 9.579846e-13 -240.372829
0.4111 1.085494e-12 -239.287454
0.4121 2.797190e-12 -231.065559
0.4131 1.196879e-12 -238.438996
0.4141 6.450840e-13 -243.807674
0.4150 5.119667e-12 -225.815165
0.4160 7.418624e-12 -222.593533
0.4170 6.222279e-12 -224.121011
0.4180 1.738318e-12 -235.197414
0.4189 1.072683e-12 -239.390576
0.4199 1.153264e-12 -238.761428
0.4209 7.485923e-13 -242.515093
0.4219 9.083173e-13 -240.835248
0.4229 7.219655e-13 -242.829671
0.4238 5.285989e-13 -245.537475
0.4248 9.014968e-13 -240.900716
0.4258 4.488118e-13 -246.958715
0.4268 6.899539e-13 -243.223598
0.4277 2.594797e-13 -251.717932
0.4287 1.459617e-13 -256.715224
0.4297 6.337080e-13 -243.962216
0.4307 4.948650e-13 -246.110266
0.4316 2.542917e-13 -251.893355
0.4326 2.074582e-13 -253.661390
0.4336 1.570726e-13 -256.077992
0.4346 4.868029e-13 -246.252937
0.4355 3.835299e-13 -248.324015
0.4365 1.198093e-13 -258.430191
0.4375 3.563103e-13 -248.963433
0.4385 1.148414e-13 -258.798029
0.4395 3.578986e-13 -248.924801
0.4404 1.859427e-13 -254.612419
0.4414 1.740668e-13 -255.185682
0.4424 3.421808e-13 -249.314886
0.4434 1.243198e-13 -258.109196
0.4443 1.862469e-13 -254.598218
0.4453 1.023155e-13 -259.801169
0.4463 1.663464e-13 -255.579734
0.4473 2.947310e-13 -250.611482
0.4482 5.290073e-14 -265.530766
0.4492 7.783298e-14 -262.176727
0.4502 1.233011e-13 -258.180661
0.4512 1.635454e-13 -255.727236
0.4521 1.995158e-13 -254.000456
0.4531 1.551745e-13 -256.183595
0.4541 4.354811e-14 -267.220614
0.4551 3.683713e-14 -268.674285
0.4561 1.166589e-13 -258.661645
0.4570 1.953970e-13 -254.181640
0.4580 1.509342e-13 -256.424247
0.4590 5.523671e-14 -265.155443
0.4600 1.431399e-13 -256.884787
0.4609 1.374992e-13 -257.233998
0.4619 1.329944e-14 -277.523334
0.4629 1.364390e-13 -257.301227
0.4639 1.539055e-13 -256.254919
0.4648 1.894620e-13 -254.449558
0.4658 1.563597e-13 -256.117504
0.4668 1.044564e-13 -259.621297
0.4678 4.635857e-14 -266.677399
0.4688 6.964197e-14 -263.142579
0.4697 1.861475e-13 -254.602857
0.4707 1.271648e-13 -257.912660
0.4717 6.556141e-14 -263.667034
0.4727 1.277101e-13 -257.875495
0.4736 8.919749e-14 -260.992947
0.4746 7.628797e-14 -262.350878
0.4756 1.490371e-13 -256.534111
0.4766 2.000761e-13 -253.976096
0.4775 1.079800e-13 -259.333137
0.4785 7.437405e-14 -262.571572
0.4795 3.845107e-14 -268.301832
0.4805 2.398508e-14 -272.401176
0.4814 1.023739e-13 -259.796213
0.4824 1.947687e-13 -254.209616
0.4834 3.759653e-14 -268.497044
0.4844 4.965246e-14 -266.081185
0.4854 4.917332e-14 -266.165409
0.4863 1.368163e-13 -257.277245
0.4873 8.063424e-14 -261.869610
0.4883 8.710019e-14 -261.199618
0.4893 1.392297e-13 -257.125364
0.4902 6.363664e-14 -263.925855
0.4912 7.537343e-14 -262.455634
0.4922 9.165883e-14 -260.756514
0.4932 7.100279e-14 -262.974491
0.4941 8.429026e-14 -261.484452
0.4951 1.426462e-13 -256.914793
0.4961 7.129714e-14 -262.938558
0.4971 2.015425e-14 -273.912669
0.4980 1.504801e-14 -276.450421
0.4990 6.481608e-14 -263.766345
0.5000 1.275419e-13 -257.886941
0.5010 1.520442e-13 -256.360605
0.5020 8.903090e-14 -261.009185
0.5029 4.570286e-14 -266.801133
0.5039 6.087699e-14 -264.310937
0.5049 1.883735e-13 -254.499605
0.5059 6.020410e-14 -264.407479
0.5068 1.257665e-14 -278.008701
0.5078 1.726431e-13 -255.257017
0.5088 1.141458e-13 -258.850800
0.5098 8.704222e-14 -261.205401
0.5107 8.870122e-14 -261.041408
0.5117 1.944120e-13 -254.225537
0.5127 1.882261e-13 -254.506404
0.5137 9.187708e-14 -260.735857
0.5146 1.355660e-13 -257.356983
0.5156 1.090270e-13 -259.249320
0.5166 1.483388e-13 -256.574907
0.5176 2.213808e-13 -253.097201
0.5186 8.332445e-14 -261.584551
0.5195 8.433061e-14 -261.480295
0.5205 1.466172e-13 -256.676302
0.5215 2.441850e-13 -252.245620
0.5225 5.704958e-14 -264.874951
0.5234 6.324446e-14 -263.979550
0.5244 1.136161e-13 -258.891199
0.5254 1.506184e-13 -256.442441
0.5264 1.894606e-13 -254.449623
0.5273 1.464307e-13 -256.687357
0.5283 2.004949e-13 -253.957934
0.5293 9.249310e-15 -280.677813
0.5303 2.388757e-13 -252.436560
0.5312 1.548555e-13 -256.201466
0.5322 1.147162e-13 -258.807508
0.5332 8.083910e-14 -261.847570
0.5342 1.938546e-13 -254.250479
0.5352 1.169408e-13 -258.640679
0.5361 3.644625e-13 -248.766943
0.5371 1.664968e-13 -255.571882
0.5381 1.618848e-13 -255.815879
0.5391 2.999396e-13 -250.459323
0.5400 4.181831e-13 -247.572671
0.5410 6.696501e-14 -263.483041
0.5420 2.303905e-13 -252.750709
0.5430 3.373735e-13 -249.437780
0.5439 4.788286e-13 -246.396399
0.5449 4.228792e-13 -247.475673
0.5459 3.631135e-13 -248.799153
0.5469 6.789534e-13 -243.363201
0.5479 4.083621e-13 -247.779092
0.5488 7.928491e-13 -242.016190
0.5498 2.038227e-13 -253.814947
0.5508 5.243458e-13 -245.607645
0.5518 1.218804e-12 -238.281320
0.5527 8.118383e-13 -241.810609
0.5537 6.486929e-13 -243.759217
0.5547 5.287610e-13 -245.534812
0.5557 2.227898e-12 -233.042095
0.5566 4.911144e-12 -226.176347
0.5576 7.573406e-13 -242.414175
0.5586 4.352932e-12 -227.224362
0.5596 1.680217e-12 -235.492694
0.5605 1.986526e-12 -234.038116
0.5615 2.415071e-12 -232.341401
0.5625 3.662649e-13 -248.724094
0.5635 7.438022e-13 -242.570851
0.5645 1.660848e-13 -255.593400
0.5654 7.255469e-13 -242.786690
0.5664 8.051652e-13 -241.882300
0.5674 5.589107e-13 -245.053152
0.5684 2.007606e-13 -253.946432
0.5693 4.679251e-13 -246.596473
0.5703 4.321436e-13 -247.287439
0.5713 4.042757e-13 -247.866447
0.5723 1.940487e-13 -254.241784
0.5732 3.754233e-13 -248.509577
0.5742 5.274677e-13 -245.556083
0.5752 4.527958e-13 -246.881953
0.5762 1.853199e-13 -254.641557
0.5771 1.019467e-13 -259.832537
0.5781 2.559989e-13 -251.835238
0.5791 3.779558e-13 -248.451180
0.5801 4.005448e-13 -247.946978
0.5811 2.494509e-13 -252.060298
0.5820 3.114728e-13 -250.131597
0.5830 7.523229e-14 -262.471915
0.5840 3.136573e-13 -250.070891
0.5850 2.131782e-13 -253.425143
0.5859 2.796170e-13 -251.068730
0.5869 2.751709e-13 -251.207949
0.5879 1.863138e-13 -254.595100
0.5889 3.509750e-14 -269.094477
0.5898 1.749109e-13 -255.143661
0.5908 2.202930e-13 -253.139987
0.5918 2.925902e-13 -250.674805
0.5928 1.473251e-13 -256.634463
0.5938 5.574144e-14 -265.076437
0.5947 4.506446e-14 -266.923316
0.5957 8.261482e-14 -261.658841
0.5967 2.339676e-13 -252.616884
0.5977 8.131454e-14 -261.796636
0.5986 1.976085e-13 -254.083888
0.5996 1.947689e-13 -254.209610
0.6006 9.120835e-14 -260.799308
0.6016 1.009577e-13 -259.917211
0.6025 1.890147e-13 -254.470090
0.6035 1.072047e-13 -259.395721
0.6045 1.633140e-13 -255.739533
0.6055 1.422934e-13 -256.936305
0.6064 1.617711e-13 -255.821982
0.6074 5.318988e-14 -265.483419
0.6084 6.500311e-14 -263.741318
0.6094 2.628932e-13 -251.604412
0.6104 1.593418e-13 -255.953406
0.6113 2.103202e-14 -273.542381
0.6123 1.137046e-13 -258.884438
0.6133 5.435672e-14 -265.294935
0.6143 1.869579e-13 -254.565124
0.6152 2.043721e-13 -253.791568
0.6162 6.001423e-14 -264.434916
0.6172 1.406980e-13 -257.034241
0.6182 6.813250e-14 -263.332913
0.6191 1.854415e-13 -254.635860
0.6201 1.219606e-13 -258.275611
0.6211 7.425916e-14 -262.585000
0.6221 2.003007e-13 -253.966351
0.6230 6.208965e-14 -264.139616
0.6240 6.258919e-14 -264.070014
0.6250 9.678902e-14 -260.283478
0.6260 9.353576e-14 -260.580446
0.6270 1.585417e-13 -255.997131
0.6279 1.548691e-13 -256.200702
0.6289 3.245371e-14 -269.774712
0.6299 2.617983e-12 -231.640663
0.6309 3.278714e-14 -269.685929
0.6318 1.542948e-13 -256.232973
0.6328 1.565881e-13 -256.104827
0.6338 9.358637e-14 -260.575748
0.6348 9.884855e-14 -260.100594
0.6357 6.468366e-14 -263.784109
0.6367 6.181284e-14 -264.178426
0.6377 2.030783e-13 -253.846731
0.6387 7.320312e-14 -262.709409
0.6396 1.214334e-13 -258.313236
0.6406 1.885332e-13 -254.492242
0.6416 5.891781e-14 -264.595069
0.6426 1.378198e-13 -257.213769
0.6436 6.140939e-14 -264.235304
0.6445 2.051256e-13 -253.759601
0.6455 1.778469e-13 -254.999073
0.6465 5.437498e-14 -265.292018
0.6475 1.161873e-13 -258.696823
0.6484 2.195974e-14 -273.167455
0.6494 1.579691e-13 -256.028558
0.6504 2.608216e-13 -251.673129
0.6514 6.685795e-14 -263.496938
0.6523 5.111835e-14 -265.828463
0.6533 1.526342e-13 -256.326965
0.6543 1.446291e-13 -256.794884
0.6553 1.663639e-13 -255.578818
0.6562 1.071403e-13 -259.400947
0.6572 1.810319e-13 -254.844898
0.6582 9.977329e-14 -260.019714
0.6592 9.155568e-14 -260.766294
0.6602 1.947799e-13 -254.209117
0.6611 1.758968e-13 -255.094843
0.6621 8.132185e-14 -261.795855
0.6631 2.363196e-13 -252.530003
0.6641 8.217758e-14 -261.704933
0.6650 4.550514e-14 -266.838790
0.6660 5.852065e-14 -264.653818
0.6670 1.454583e-13 -256.745232
0.6680 2.912957e-13 -250.713318
0.6689 2.234625e-13 -253.015908
0.6699 1.773601e-13 -255.022884
0.6709 3.336059e-14 -269.535324
0.6719 1.877217e-13 -254.529712
0.6729 2.864732e-13 -250.858320
0.6738 2.782706e-13 -251.110652
0.6748 2.141874e-13 -253.384120
0.6758 3.156641e-13 -250.015497
0.6768 7.538945e-14 -262.453788
0.6777 3.114002e-13 -250.133623
0.6787 2.454323e-13 -252.201366
0.6797 4.005594e-13 -247.946662
0.6807 3.848992e-13 -248.293060
0.6816 2.559631e-13 -251.836454
0.6826 1.039451e-13 -259.663916
0.6836 1.852232e-13 -254.646093
0.6846 4.572967e-13 -246.796038
0.6855 5.288942e-13 -245.532625
0.6865 3.747311e-13 -248.525605
0.6875 1.932866e-13 -254.275963
0.6885 4.023867e-13 -247.907128
0.6895 4.319207e-13 -247.291920
0.6904 4.647189e-13 -246.656194
0.6914 2.009953e-13 -253.936282
0.6924 5.341234e-13 -245.447168
0.6934 8.057596e-13 -241.875890
0.6943 7.252641e-13 -242.790076
0.6953 1.650826e-13 -255.645977
0.6963 7.439704e-13 -242.568887
0.6973 3.663755e-13 -248.721472
0.6982 2.414363e-12 -232.343948
0.6992 1.986485e-12 -234.038292
0.7002 1.679027e-12 -235.498845
0.7012 4.352175e-12 -227.225873
0.7021 7.586204e-13 -242.399509
0.7031 4.910714e-12 -226.177107
0.7041 2.232606e-12 -233.023759
0.7051 5.261637e-13 -245.577582
0.7061 6.472445e-13 -243.778633
0.7070 8.106650e-13 -241.823172
0.7080 1.230552e-12 -238.198003
0.7090 5.235317e-13 -245.621141
0.7100 2.009698e-13 -253.937386
0.7109 7.934986e-13 -242.009077
0.7119 4.101461e-13 -247.741228
0.7129 6.788072e-13 -243.365071
0.7139 3.619366e-13 -248.827350
0.7148 4.227947e-13 -247.477409
0.7158 4.893766e-13 -246.207135
0.7168 3.340444e-13 -249.523916
0.7178 2.261073e-13 -252.913709
0.7188 6.694675e-14 -263.485410
0.7197 4.206271e-13 -247.522055
0.7207 2.980655e-13 -250.513767
0.7217 1.668588e-13 -255.553018
0.7227 1.671408e-13 -255.538348
0.7236 3.908459e-13 -248.159889
0.7246 1.157831e-13 -258.727095
0.7256 1.917936e-13 -254.343318
0.7266 8.121505e-14 -261.807270
0.7275 1.160042e-13 -258.710527
0.7285 1.541029e-13 -256.243785
0.7295 2.370316e-13 -252.503876
0.7305 7.768649e-15 -282.193090
0.7314 1.941322e-13 -254.238049
0.7324 1.464332e-13 -256.687212
0.7334 1.936096e-13 -254.261461
0.7344 1.534046e-13 -256.283232
0.7354 1.119426e-13 -259.020092
0.7363 6.414685e-14 -263.856494
0.7373 6.101952e-14 -264.290624
0.7383 2.442425e-13 -252.243574
0.7393 1.588526e-13 -255.980111
0.7402 8.179736e-14 -261.745215
0.7412 7.991746e-14 -261.947166
0.7422 2.218937e-13 -253.077101
0.7432 1.447008e-13 -256.790584
0.7441 1.124684e-13 -258.979389
0.7451 1.338400e-13 -257.468281
0.7461 8.966051e-14 -260.947975
0.7471 1.920490e-13 -254.331760
0.7480 1.952399e-13 -254.188628
0.7490 8.711392e-14 -261.198248
0.7500 8.678609e-14 -261.230997
0.7510 1.221183e-13 -258.264384
0.7520 1.731245e-13 -255.232829
0.7529 1.286360e-14 -277.812747
0.7539 5.980434e-14 -264.465346
0.7549 2.562555e-13 -251.826536
0.7559 6.361124e-14 -263.929323
0.7568 4.428107e-14 -267.075638
0.7578 8.816766e-14 -261.093814
0.7588 1.511410e-13 -256.412352
0.7598 1.251709e-13 -258.049935
0.7607 6.380701e-14 -263.902632
0.7617 1.424742e-14 -276.925276
0.7627 2.262420e-14 -272.908534
0.7637 7.330364e-14 -262.697490
0.7646 1.402810e-13 -257.060020
0.7656 8.276343e-14 -261.643231
0.7666 6.802871e-14 -263.346156
0.7676 9.191606e-14 -260.732172
0.7686 7.721488e-14 -262.245980
0.7695 6.300817e-14 -264.012063
0.7705 1.336530e-13 -257.480423
0.7715 8.782529e-14 -261.127608
0.7725 7.601342e-14 -262.382195
0.7734 1.338466e-13 -257.467851
0.7744 4.286856e-14 -267.357221
0.7754 4.800518e-14 -266.374237
0.7764 4.129000e-14 -267.683103
0.7773 1.933523e-13 -254.273013
0.7783 9.226392e-14 -260.699362
0.7793 2.404758e-14 -272.378573
0.7803 4.109694e-14 -267.723810
0.7812 7.339939e-14 -262.686151
0.7822 1.110642e-13 -259.088519
0.7832 2.019631e-13 -253.894560
0.7842 1.529124e-13 -256.311144
0.7852 7.347190e-14 -262.677575
0.7861 8.623810e-14 -261.286017
0.7871 1.276341e-13 -257.880669
0.7881 6.724120e-14 -263.447291
0.7891 1.263088e-13 -257.971330
0.7900 1.874547e-13 -254.542072
0.7910 6.996951e-14 -263.101824
0.7920 4.383749e-14 -267.163086
0.7930 1.044471e-13 -259.622072
0.7939 1.532867e-13 -256.289911
0.7949 1.892191e-13 -254.460702
0.7959 1.511415e-13 -256.412325
0.7969 1.363673e-13 -257.305793
0.7979 1.836719e-14 -274.719145
0.7988 1.394230e-13 -257.113311
0.7998 1.415330e-13 -256.982848
0.8008 5.610891e-14 -265.019363
0.8018 1.652068e-13 -255.639443
0.8027 1.960391e-13 -254.153147
0.8037 1.161237e-13 -258.701586
0.8047 3.649969e-14 -268.754217
0.8057 4.715379e-14 -266.529667
0.8066 1.574299e-13 -256.058258
0.8076 2.011220e-13 -253.930810
0.8086 1.654017e-13 -255.629203
0.8096 1.319247e-13 -257.593478
0.8105 7.781998e-14 -262.178178
0.8115 5.187125e-14 -265.701465
0.8125 2.948723e-13 -250.607320
0.8135 1.712468e-13 -255.327551
0.8145 1.036352e-13 -259.689856
0.8154 1.815910e-13 -254.818113
0.8164 1.241143e-13 -258.123564
0.8174 3.532739e-13 -249.037768
0.8184 1.751536e-13 -255.131617
0.8193 1.886848e-13 -254.485263
0.8203 3.578651e-13 -248.925613
0.8213 1.161535e-13 -258.699354
0.8223 3.541865e-13 -249.015360
0.8232 1.189469e-13 -258.492938
0.8242 3.838832e-13 -248.316018
0.8252 4.891268e-13 -246.211571
0.8262 1.557796e-13 -256.149787
0.8271 2.051348e-13 -253.759215
0.8281 2.545845e-13 -251.883361
0.8291 4.919961e-13 -246.160767
0.8301 6.337094e-13 -243.962197
0.8311 1.459634e-13 -256.715120
0.8320 2.571561e-13 -251.796065
0.8330 6.993593e-13 -243.105993
0.8340 4.487995e-13 -246.958953
0.8350 9.022836e-13 -240.893138
0.8359 5.283166e-13 -245.542116
0.8369 7.259837e-13 -242.781463
0.8379 9.085222e-13 -240.833289
0.8389 7.452292e-13 -242.554203
0.8398 1.153021e-12 -238.763258
0.8408 1.081735e-12 -239.317583
0.8418 1.737607e-12 -235.200967
0.8428 6.219805e-12 -224.124465
0.8438 7.420552e-12 -222.591275
0.8447 5.119907e-12 -225.814758
0.8457 6.467697e-13 -243.785007
0.8467 1.195440e-12 -238.449445
0.8477 2.797793e-12 -231.063687
0.8486 1.055503e-12 -239.530809
0.8496 9.564170e-13 -240.387055
0.8506 4.166740e-13 -247.604072
0.8516 6.054225e-13 -244.358829
0.8525 9.779004e-13 -240.194108
0.8535 6.079259e-13 -244.322988
0.8545 7.373162e-13 -242.646925
0.8555 6.093912e-13 -244.302076
0.8564 3.617331e-13 -248.832234
0.8574 4.930816e-13 -246.141625
0.8584 3.522301e-13 -249.063470
0.8594 5.593552e-13 -245.046247
0.8604 6.100486e-13 -244.292711
0.8613 2.434759e-13 -252.270881
0.8623 2.626890e-13 -251.611161
0.8633 2.588921e-13 -251.737623
0.8643 4.670577e-13 -246.612589
0.8652 3.974545e-13 -248.014251
0.8662 1.663644e-13 -255.578794
0.8672 2.180071e-13 -253.230586
0.8682 3.202824e-13 -249.889337
0.8691 2.531133e-13 -251.933700
0.8701 2.541447e-13 -251.898378
0.8711 1.348957e-13 -257.400035
0.8721 2.556911e-13 -251.845688
0.8730 2.954456e-13 -250.590449
0.8740 1.536193e-13 -256.271084
0.8750 9.843378e-14 -260.137117
0.8760 4.337261e-14 -267.255688
0.8770 1.303081e-13 -257.700572
0.8779 3.055097e-13 -250.299501
0.8789 9.917403e-14 -260.072040
0.8799 2.093022e-12 -233.584524
0.8809 9.164692e-14 -260.757642
0.8818 8.851161e-14 -261.059996
0.8828 2.817608e-13 -251.002389
0.8838 1.550015e-13 -256.193280
0.8848 1.453925e-13 -256.749158
0.8857 9.776425e-14 -260.196398
0.8867 1.066615e-13 -259.439844
0.8877 2.743575e-13 -251.233664
0.8887 7.422788e-14 -262.588659
0.8896 1.134551e-13 -258.903518
0.8906 2.564390e-13 -251.820320
0.8916 7.061200e-14 -263.022430
0.8926 1.844681e-13 -254.681574
0.8936 1.245289e-13 -258.094594
0.8945 1.920641e-13 -254.331076
0.8955 1.932163e-13 -254.279124
0.8965 1.469778e-13 -256.654968
0.8975 1.558759e-13 -256.144421
0.8984 8.266793e-14 -261.653259
0.8994 1.426071e-13 -256.917177
0.9004 2.238948e-13 -252.999118
0.9014 6.714929e-14 -263.459171
0.9023 6.365163e-14 -263.923809
0.9033 2.087490e-13 -253.607510
0.9043 1.319846e-13 -257.589535
0.9053 8.889846e-14 -261.022116
0.9062 6.562748e-14 -263.658286
0.9072 1.188904e-13 -258.497062
0.9082 1.771161e-13 -255.034841
0.9092 6.581326e-14 -263.633732
0.9102 1.213250e-13 -258.320993
0.9111 1.247645e-13 -258.078179
0.9121 9.294113e-14 -260.635841
0.9131 1.950627e-13 -254.196515
0.9141 6.020908e-14 -264.406760
0.9150 8.717120e-15 -281.192540
0.9160 4.074996e-14 -267.797457
0.9170 5.934935e-14 -264.531681
0.9180 1.765910e-13 -255.060630
0.9189 1.067614e-13 -259.431716
0.9199 9.865658e-14 -260.117479
0.9209 8.069797e-14 -261.862748
0.9219 1.208719e-13 -258.353491
0.9229 1.914960e-13 -254.356806
0.9238 9.478304e-14 -260.465387
0.9248 9.232237e-14 -260.693861
0.9258 1.372507e-13 -257.249706
0.9268 1.367510e-13 -257.281388
0.9277 1.284112e-13 -257.827945
0.9287 8.568074e-14 -261.342336
0.9297 1.777670e-13 -255.002978
0.9307 1.490605e-13 -256.532747
0.9316 1.617086e-13 -255.825340
0.9326 6.792565e-14 -263.359323
0.9336 9.547622e-14 -260.402095
0.9346 1.161365e-13 -258.700626
0.9355 1.725002e-13 -255.264209
0.9365 1.047507e-13 -259.596864
0.9375 7.449551e-14 -262.557398
0.9385 1.712114e-13 -255.329347
0.9395 1.114232e-13 -259.060491
0.9404 6.636275e-14 -263.561513
0.9414 1.204239e-13 -258.385744
0.9424 1.701234e-13 -255.384717
0.9434 9.570830e-14 -260.381008
0.9443 9.043134e-14 -260.873621
0.9453 2.906565e-14 -270.732399
0.9463 7.621522e-14 -262.359166
0.9473 5.582208e-14 -265.063880
0.9482 2.488939e-13 -252.079714
0.9492 6.247024e-14 -264.086536
0.9502 1.351731e-13 -257.382194
0.9512 5.196250e-14 -265.686199
0.9521 7.201199e-14 -262.851904
0.9531 1.598934e-13 -255.923389
0.9541 1.629156e-13 -255.760746
0.9551 1.421836e-13 -256.943013
0.9561 6.150648e-14 -264.221582
0.9570 2.281562e-13 -252.835355
0.9580 2.091074e-13 -253.592613
0.9590 1.142574e-13 -258.842310
0.9600 1.008403e-13 -259.927313
0.9609 3.326019e-13 -249.561506
0.9619 1.088904e-13 -259.260212
0.9629 2.342149e-13 -252.607710
0.9639 1.577929e-13 -256.038253
0.9648 2.421271e-13 -252.319131
0.9658 3.009324e-13 -250.430620
0.9668 3.424773e-13 -249.307363
0.9678 2.037690e-13 -253.817236
0.9688 1.150546e-13 -258.781920
0.9697 2.061394e-13 -253.716780
0.9707 2.914600e-13 -250.708421
0.9717 2.868072e-13 -250.848200
0.9727 8.533869e-15 -281.377080
0.9736 5.619323e-13 -245.006320
0.9746 2.029467e-13 -253.852361
0.9756 3.020408e-13 -250.398689
0.9766 2.012544e-13 -253.925092
0.9775 5.822848e-13 -244.697291
0.9785 4.516878e-13 -246.903233
0.9795 2.663716e-13 -251.490240
0.9805 3.212575e-13 -249.862934
0.9814 1.054513e-12 -239.538960
0.9824 3.625753e-13 -248.812035
0.9834 1.413017e-12 -236.997052
0.9844 2.320062e-12 -232.690007
0.9854 2.614449e-12 -231.652396
0.9863 1.613778e-12 -235.843126
0.9873 1.596617e-12 -235.935983
0.9883 2.547499e-12 -231.877720
0.9893 1.781059e-12 -234.986436
0.9902 1.884118e-12 -234.497836
0.9912 2.856927e-13 -250.882018
0.9922 9.867387e-13 -240.115957
0.9932 2.987803e-13 -250.492962
0.9941 7.159641e-13 -242.902175
0.9951 2.866878e-13 -250.851815
0.9961 3.332154e-13 -249.545500
0.9971 5.672355e-13 -244.924731
0.9980 1.091550e-13 -259.239131
0.9990 1.206861e-13 -258.366854
